((("s" .
   [1])
  ("Rename" .
   [1 0 0 0 0 0])
  ("Renamer" .
   [0 0 0 0 0 0 2])
  ("newName" .
   [1 0 0 0 0 0 0])
  ("new" .
   [1 0 0])
  ("append" .
   [1 0 0 0 0 0])
  ("result" .
   [1 0 0 1 0 0])
  ("searchResults" .
   [0 0 0 0 0 0 0 0 0 0 0 0 1])
  ("range" .
   [0 0 0 1 0])
  ("_" .
   [1])
  ("results" .
   [4 0 0 0 0 0 0])
  ("matcher" .
   [1 0 0 1 0 0 0])
  ("Match" .
   [1 0 0 0 0])
  ("searchTerm" .
   [0 0 0 1 0 0 1 0 0 1])
  ("feed" .
   [3 0 0 0])
  ("Search" .
   [0 0 0 0 1 1])
  ("Matcher" .
   [1 0 0 0 0 1 0])
  ("Content" .
   [1 0 0 0 0 0 0])
  ("Field" .
   [0 0 1 0 0])
  ("Result" .
   [3 0 0 0 0 0])
  ("Processes" .
   [0 0 1 0 0 0 0 0 0])
  ("time" .
   [1 0 0 0])
  ("close" .
   [1 0 0 0 0])
  ("true" .
   [1 0 0 0])
  ("Sleep" .
   [0 0 0 1 1])
  ("send" .
   [1 0 0 0])
  ("print" .
   [0 0 0 0 2])
  ("timeout" .
   [1 0 0 0 0 0 0])
  ("println" .
   [1 0 0 2 0 0 0])
  ("ch" .
   [4 0])
  ("Millisecond" .
   [0 1 1 0 0 0 0 0 0 0 0])
  ("bool" .
   [2 0 0 0])
  ("make" .
   [1 0 0 0])
  ("main" .
   [4 0 0 1])
  ("i" .
   [2])
  ("int" .
   [1 0 0])
  ("file" .
   [4 0 0 0])
  ("string" .
   [11 0 0 0 0 0])
  ("Add" .
   [1 0 0])
  ("func" .
   [0 0 1 1])
  ("filename" .
   [2 0 0 0 1 0 0 1])
  ("Done" .
   [1 0 0 0])
  ("Wait" .
   [0 0 0 1])
  ("compress" .
   [0 0 0 1 0 0 0 0])
  ("error" .
   [3 0 0 1 0])
  ("Open" .
   [0 0 0 1])
  ("err" .
   [14 0 0])
  ("nil" .
   [3 0 0])
  ("Close" .
   [0 3 1 0 0])
  ("Create" .
   [0 0 0 1 0 0])
  ("defer" .
   [0 0 0 1 0])
  ("out" .
   [1 0 0])
  ("gzout" .
   [1 0 0 0 1])
  ("in" .
   [1 0])
  ("os" .
   [2 0])
  ("package" .
   [0 0 1 0 0 0 0])
  ("search" .
   [1 0 0 0 1 0])
  ("dataFile" .
   [1 0 0 0 1 0 0 0])
  ("process" .
   [1 0 0 0 0 0 0])
  ("Feed" .
   [5 0 0 0])
  ("Type" .
   [1 0 0 0])
  ("RetrieveFeeds" .
   [0 0 0 0 1 0 0 0 0 0 0 0 0])
  ("feeds" .
   [3 0 0 0 0])
  ("json" .
   [1 0 0 0])))
